{
  "holdout": "wc2022",
  "label": "World Cup 2022",
  "n_train": 45700,
  "n_matches": 64,
  "fit_secs": 121.9,
  "elo": [
    [
      0.3640522442849148,
      0.29101517843127306,
      0.34493257728381216
    ],
    [
      0.16993129283686426,
      0.2345310331872621,
      0.5955376739758736
    ],
    [
      0.5038379976412335,
      0.2672668875328136,
      0.22889511482595296
    ],
    [
      0.46554888647373904,
      0.2773680623997981,
      0.25708305112646285
    ],
    [
      0.845136701750157,
      0.10251977375964683,
      0.05234352449019621
    ],
    [
      0.4491021770266035,
      0.2809543327529782,
      0.2699434902204183
    ],
    [
      0.6393857225875101,
      0.21530897068306962,
      0.1453053067294203
    ],
    [
      0.6543466683328172,
      0.2082953378502541,
      0.13735799381692868
    ],
    [
      0.5217881365551005,
      0.2617518054838396,
      0.21646005796105988
    ],
    [
      0.6581282915950966,
      0.20648797434767183,
      0.13538373405723156
    ],
    [
      0.2656233374532909,
      0.2798172958813034,
      0.4545593666654057
    ],
    [
      0.6020438201102609,
      0.23181089381758965,
      0.16614528607214943
    ],
    [
      0.6739281692502079,
      0.19879057250191068,
      0.1272812582478814
    ],
    [
      0.7326647034789209,
      0.16824671536686242,
      0.09908858115421675
    ],
    [
      0.5308456642601126,
      0.2587928354599783,
      0.21036150027990924
    ],
    [
      0.7946226269151104,
      0.13310031781257414,
      0.07227705527231544
    ],
    [
      0.4482645328352147,
      0.2811241160636913,
      0.27061135110109397
    ],
    [
      0.5778196309631843,
      0.24169127493093512,
      0.18048909410588054
    ],
    [
      0.3164451884114057,
      0.2892019465804355,
      0.3943528650081588
    ],
    [
      0.5003452364800162,
      0.2682843407576067,
      0.23137042276237724
    ],
    [
      0.5151906276756648,
      0.2638336624884891,
      0.22097570983584608
    ],
    [
      0.7147000824890569,
      0.17789530397796652,
      0.10740461353297656
    ],
    [
      0.34143904522434143,
      0.29091297142599043,
      0.36764798334966814
    ],
    [
      0.4502250490813471,
      0.2807247455524279,
      0.26905020536622504
    ],
    [
      0.4345218337212077,
      0.2837251689687168,
      0.2817529973100755
    ],
    [
      0.47727336009613364,
      0.2745272977039789,
      0.24819934219988748
    ],
    [
      0.658577185992529,
      0.20627252328194354,
      0.13515029072552745
    ],
    [
      0.46302256605852454,
      0.2779496780710366,
      0.25902775587043886
    ],
    [
      0.17337967504437146,
      0.2369377243710632,
      0.5896826005845653
    ],
    [
      0.7154268496661235,
      0.17751002218271345,
      0.10706312815116308
    ],
    [
      0.6398105410339138,
      0.21511287940234772,
      0.1450765795637385
    ],
    [
      0.43359103754229067,
      0.28388853908871087,
      0.28252042336899846
    ],
    [
      0.4722929644844438,
      0.27576217462250474,
      0.25194486089305146
    ],
    [
      0.20870917300170255,
      0.2579614295577889,
      0.5333293974405086
    ],
    [
      0.22329189638647085,
      0.2648661896101435,
      0.5118419140033856
    ],
    [
      0.38342238524462946,
      0.29010030399744746,
      0.3264773107579231
    ],
    [
      0.10936438982713981,
      0.18008868059226513,
      0.7105469295805951
    ],
    [
      0.22448660087504513,
      0.26538952943105176,
      0.5101238696939031
    ],
    [
      0.21432695764319742,
      0.260736295009531,
      0.5249367473472716
    ],
    [
      0.14727135959371818,
      0.21698065047564818,
      0.6357479899306336
    ],
    [
      0.20109485967303964,
      0.2539624530723229,
      0.5449426872546375
    ],
    [
      0.23023066091218625,
      0.26781909769100865,
      0.5019502413968051
    ],
    [
      0.26439593914909365,
      0.27948189261131096,
      0.4561221682395954
    ],
    [
      0.4456891515242769,
      0.2816381344324209,
      0.2726727140433022
    ],
    [
      0.3664745403663673,
      0.2909497867256028,
      0.3425756729080299
    ],
    [
      0.04603953257174598,
      0.09197093709144988,
      0.8619895303368041
    ],
    [
      0.11092686160176302,
      0.18181589388040886,
      0.7072572445178281
    ],
    [
      0.2245139932775123,
      0.26540145527892534,
      0.5100845514435624
    ],
    [
      0.5745297088792023,
      0.24297986612040554,
      0.18249042500039217
    ],
    [
      0.7860015858217688,
      0.13815414371465662,
      0.07584427046357463
    ],
    [
      0.6253477150116036,
      0.2216853193851338,
      0.15296696560326256
    ],
    [
      0.5902471669792837,
      0.23670738457200563,
      0.17304544844871067
    ],
    [
      0.3235167232905052,
      0.2898654011139249,
      0.3866178755955699
    ],
    [
      0.7790766566581189,
      0.14217687825000141,
      0.07874646509187978
    ],
    [
      0.1599296857273128,
      0.2271645292932607,
      0.6129057849794265
    ],
    [
      0.4947491816796368,
      0.2698755752217618,
      0.23537524309860142
    ],
    [
      0.14104677500656992,
      0.2116023971058858,
      0.6473508278875443
    ],
    [
      0.2488532745205032,
      0.2747468468092513,
      0.47639987867024547
    ],
    [
      0.19472477491269113,
      0.250399974200308,
      0.5548752508870008
    ],
    [
      0.3228021193942898,
      0.2898049440402351,
      0.3873929365654751
    ],
    [
      0.6590984819940297,
      0.20602208122459342,
      0.13487943678137693
    ],
    [
      0.6346823068343854,
      0.2174678325318799,
      0.14784986063373462
    ],
    [
      0.5236801417137883,
      0.2611432699207226,
      0.2151765883654892
    ],
    [
      0.5502581084088038,
      0.2520720210877522,
      0.19766987050344398
    ]
  ],
  "dc": [
    [
      0.19795954349610342,
      0.24538755488033384,
      0.5566529016235627
    ],
    [
      0.1306473342952227,
      0.24439097777146152,
      0.6249616879333157
    ],
    [
      0.5511414300021451,
      0.29630363143848987,
      0.15255493855936492
    ],
    [
      0.3622948865087615,
      0.33965654053145433,
      0.29804857295978415
    ],
    [
      0.7731416970611982,
      0.1664566689806512,
      0.06040163395815076
    ],
    [
      0.3787040569063358,
      0.2931906502681269,
      0.32810529282553724
    ],
    [
      0.542465615058198,
      0.2832109537820564,
      0.1743234311597454
    ],
    [
      0.6074782204647389,
      0.25631319404837777,
      0.13620858548688336
    ],
    [
      0.6179177229956206,
      0.22475173756104044,
      0.15733053944333902
    ],
    [
      0.721547157632474,
      0.19895605434542665,
      0.07949678802209939
    ],
    [
      0.23899508576349687,
      0.3178901416663228,
      0.44311477257018034
    ],
    [
      0.6646952611632848,
      0.21055191624405667,
      0.12475282259265871
    ],
    [
      0.5008591155889771,
      0.30245624243215036,
      0.1966846419788725
    ],
    [
      0.6688476930684023,
      0.2212728803953841,
      0.10987942653621377
    ],
    [
      0.5286902488057879,
      0.2834131362569336,
      0.18789661493727855
    ],
    [
      0.6475586476534965,
      0.23913758500524662,
      0.11330376734125694
    ],
    [
      0.2806477944578343,
      0.29138757743243154,
      0.42796462810973424
    ],
    [
      0.5456340999919038,
      0.26108968141852734,
      0.19327621858956878
    ],
    [
      0.2943814481326744,
      0.36318899411876443,
      0.3424295577485612
    ],
    [
      0.5683628609022444,
      0.27517062971084666,
      0.15646650938690893
    ],
    [
      0.565208629638879,
      0.26535577842445207,
      0.16943559193666904
    ],
    [
      0.5607924583501189,
      0.2618736095369034,
      0.17733393211297763
    ],
    [
      0.3015970848404485,
      0.32145929457380584,
      0.3769436205857456
    ],
    [
      0.4387325186204017,
      0.3121912036010183,
      0.2490762777785801
    ],
    [
      0.417378522925133,
      0.3134293227773912,
      0.2691921542974758
    ],
    [
      0.45039263914475824,
      0.2731142175547494,
      0.27649314330049224
    ],
    [
      0.509557482575498,
      0.2855963101723355,
      0.20484620725216662
    ],
    [
      0.5915543524285898,
      0.25116480447198025,
      0.15728084309942983
    ],
    [
      0.20524401020398825,
      0.2989323211049388,
      0.495823668691073
    ],
    [
      0.6493510884616444,
      0.23398626621967256,
      0.11666264531868314
    ],
    [
      0.3812878735910512,
      0.3325143449198002,
      0.28619778148914865
    ],
    [
      0.4193637455930398,
      0.3021305366557763,
      0.27850571775118377
    ],
    [
      0.4373778255307724,
      0.30835175617684496,
      0.2542704182923828
    ],
    [
      0.08424623688067408,
      0.1626021623456022,
      0.7531516007737237
    ],
    [
      0.13642927339963196,
      0.2834084375669807,
      0.5801622890333873
    ],
    [
      0.32293048483355385,
      0.34135514244904114,
      0.33571437271740495
    ],
    [
      0.16015039487806493,
      0.24911719663338996,
      0.590732408488545
    ],
    [
      0.15350150276834157,
      0.258354184647604,
      0.5881443125840544
    ],
    [
      0.2028162125234995,
      0.28937030335177716,
      0.5078134841247233
    ],
    [
      0.1154134435226922,
      0.24572279261935717,
      0.6388637638579505
    ],
    [
      0.11304953997110544,
      0.2240874285157119,
      0.6628630315131827
    ],
    [
      0.11044094743668706,
      0.20154728739629008,
      0.688011765167023
    ],
    [
      0.3095691721040498,
      0.2783146431662034,
      0.4121161847297469
    ],
    [
      0.2360185359024653,
      0.32326398041404547,
      0.4407174836834894
    ],
    [
      0.3383768304039696,
      0.3007429168719074,
      0.3608802527241227
    ],
    [
      0.053543290767802926,
      0.17297942612132675,
      0.7734772831108703
    ],
    [
      0.15273372047539874,
      0.26180691449950955,
      0.5854593650250918
    ],
    [
      0.14198151249415333,
      0.2649721950974929,
      0.5930462924083536
    ],
    [
      0.566512929891001,
      0.26194255242722275,
      0.17154451768177625
    ],
    [
      0.6516705375615561,
      0.23014239103257125,
      0.11818707140587269
    ],
    [
      0.5463273782323248,
      0.2721812096473878,
      0.18149141212028735
    ],
    [
      0.6227915246630447,
      0.2572958902424153,
      0.11991258509454007
    ],
    [
      0.23402574552892474,
      0.28571232900256344,
      0.48026192546851176
    ],
    [
      0.7432584763047767,
      0.18905166743398621,
      0.06768985626123702
    ],
    [
      0.12287391985055593,
      0.26258292837247044,
      0.6145431517769735
    ],
    [
      0.4833051568768728,
      0.2928375562745345,
      0.2238572868485928
    ],
    [
      0.13468695391176205,
      0.24456205724215543,
      0.6207509888460825
    ],
    [
      0.3025345611998205,
      0.29667411520655823,
      0.40079132359362135
    ],
    [
      0.16673495892961282,
      0.2975246484075525,
      0.5357403926628346
    ],
    [
      0.33991744303165566,
      0.33103387436432385,
      0.3290486826040202
    ],
    [
      0.5151940719165714,
      0.2769117223077704,
      0.20789420577565815
    ],
    [
      0.5533401817744885,
      0.2948017474945295,
      0.15185807073098195
    ],
    [
      0.4431147725701804,
      0.3178901416663228,
      0.23899508576349693
    ],
    [
      0.3700838200907681,
      0.31725533710260084,
      0.3126608428066311
    ]
  ],
  "y": [
    2,
    2,
    0,
    1,
    2,
    1,
    1,
    0,
    2,
    0,
    1,
    0,
    0,
    0,
    1,
    0,
    2,
    1,
    2,
    1,
    0,
    0,
    2,
    0,
    2,
    1,
    2,
    0,
    1,
    0,
    2,
    0,
    2,
    2,
    2,
    2,
    2,
    2,
    0,
    0,
    0,
    2,
    1,
    2,
    2,
    0,
    2,
    0,
    0,
    0,
    0,
    0,
    1,
    0,
    1,
    0,
    1,
    1,
    0,
    2,
    0,
    0,
    0,
    1
  ],
  "matches": [
    {
      "date": "2022-11-20",
      "home": "Qatar",
      "away": "Ecuador",
      "neutral": false,
      "score": "0-2"
    },
    {
      "date": "2022-11-21",
      "home": "Senegal",
      "away": "Netherlands",
      "neutral": true,
      "score": "0-2"
    },
    {
      "date": "2022-11-21",
      "home": "England",
      "away": "Iran",
      "neutral": true,
      "score": "6-2"
    },
    {
      "date": "2022-11-21",
      "home": "United States",
      "away": "Wales",
      "neutral": true,
      "score": "1-1"
    },
    {
      "date": "2022-11-22",
      "home": "Argentina",
      "away": "Saudi Arabia",
      "neutral": true,
      "score": "1-2"
    },
    {
      "date": "2022-11-22",
      "home": "Mexico",
      "away": "Poland",
      "neutral": true,
      "score": "0-0"
    },
    {
      "date": "2022-11-22",
      "home": "Denmark",
      "away": "Tunisia",
      "neutral": true,
      "score": "0-0"
    },
    {
      "date": "2022-11-22",
      "home": "France",
      "away": "Australia",
      "neutral": true,
      "score": "4-1"
    },
    {
      "date": "2022-11-23",
      "home": "Germany",
      "away": "Japan",
      "neutral": true,
      "score": "1-2"
    },
    {
      "date": "2022-11-23",
      "home": "Spain",
      "away": "Costa Rica",
      "neutral": true,
      "score": "7-0"
    },
    {
      "date": "2022-11-23",
      "home": "Morocco",
      "away": "Croatia",
      "neutral": true,
      "score": "0-0"
    },
    {
      "date": "2022-11-23",
      "home": "Belgium",
      "away": "Canada",
      "neutral": true,
      "score": "1-0"
    },
    {
      "date": "2022-11-24",
      "home": "Switzerland",
      "away": "Cameroon",
      "neutral": true,
      "score": "1-0"
    },
    {
      "date": "2022-11-24",
      "home": "Brazil",
      "away": "Serbia",
      "neutral": true,
      "score": "2-0"
    },
    {
      "date": "2022-11-24",
      "home": "Uruguay",
      "away": "South Korea",
      "neutral": true,
      "score": "0-0"
    },
    {
      "date": "2022-11-24",
      "home": "Portugal",
      "away": "Ghana",
      "neutral": true,
      "score": "3-2"
    },
    {
      "date": "2022-11-25",
      "home": "Qatar",
      "away": "Senegal",
      "neutral": false,
      "score": "1-3"
    },
    {
      "date": "2022-11-25",
      "home": "Netherlands",
      "away": "Ecuador",
      "neutral": true,
      "score": "1-1"
    },
    {
      "date": "2022-11-25",
      "home": "Wales",
      "away": "Iran",
      "neutral": true,
      "score": "0-2"
    },
    {
      "date": "2022-11-25",
      "home": "England",
      "away": "United States",
      "neutral": true,
      "score": "0-0"
    },
    {
      "date": "2022-11-26",
      "home": "Poland",
      "away": "Saudi Arabia",
      "neutral": true,
      "score": "2-0"
    },
    {
      "date": "2022-11-26",
      "home": "Argentina",
      "away": "Mexico",
      "neutral": true,
      "score": "2-0"
    },
    {
      "date": "2022-11-26",
      "home": "Tunisia",
      "away": "Australia",
      "neutral": true,
      "score": "0-1"
    },
    {
      "date": "2022-11-26",
      "home": "France",
      "away": "Denmark",
      "neutral": true,
      "score": "2-1"
    },
    {
      "date": "2022-11-27",
      "home": "Japan",
      "away": "Costa Rica",
      "neutral": true,
      "score": "0-1"
    },
    {
      "date": "2022-11-27",
      "home": "Spain",
      "away": "Germany",
      "neutral": true,
      "score": "1-1"
    },
    {
      "date": "2022-11-27",
      "home": "Belgium",
      "away": "Morocco",
      "neutral": true,
      "score": "0-2"
    },
    {
      "date": "2022-11-27",
      "home": "Croatia",
      "away": "Canada",
      "neutral": true,
      "score": "4-1"
    },
    {
      "date": "2022-11-28",
      "home": "Cameroon",
      "away": "Serbia",
      "neutral": true,
      "score": "3-3"
    },
    {
      "date": "2022-11-28",
      "home": "Brazil",
      "away": "Switzerland",
      "neutral": true,
      "score": "1-0"
    },
    {
      "date": "2022-11-28",
      "home": "South Korea",
      "away": "Ghana",
      "neutral": true,
      "score": "2-3"
    },
    {
      "date": "2022-11-28",
      "home": "Portugal",
      "away": "Uruguay",
      "neutral": true,
      "score": "2-0"
    },
    {
      "date": "2022-11-29",
      "home": "Ecuador",
      "away": "Senegal",
      "neutral": true,
      "score": "1-2"
    },
    {
      "date": "2022-11-29",
      "home": "Qatar",
      "away": "Netherlands",
      "neutral": false,
      "score": "0-2"
    },
    {
      "date": "2022-11-29",
      "home": "Wales",
      "away": "England",
      "neutral": true,
      "score": "0-3"
    },
    {
      "date": "2022-11-29",
      "home": "Iran",
      "away": "United States",
      "neutral": true,
      "score": "0-1"
    },
    {
      "date": "2022-11-30",
      "home": "Poland",
      "away": "Argentina",
      "neutral": true,
      "score": "0-2"
    },
    {
      "date": "2022-11-30",
      "home": "Saudi Arabia",
      "away": "Mexico",
      "neutral": true,
      "score": "1-2"
    },
    {
      "date": "2022-11-30",
      "home": "Australia",
      "away": "Denmark",
      "neutral": true,
      "score": "1-0"
    },
    {
      "date": "2022-11-30",
      "home": "Tunisia",
      "away": "France",
      "neutral": true,
      "score": "1-0"
    },
    {
      "date": "2022-12-01",
      "home": "Japan",
      "away": "Spain",
      "neutral": true,
      "score": "2-1"
    },
    {
      "date": "2022-12-01",
      "home": "Costa Rica",
      "away": "Germany",
      "neutral": true,
      "score": "2-4"
    },
    {
      "date": "2022-12-01",
      "home": "Croatia",
      "away": "Belgium",
      "neutral": true,
      "score": "0-0"
    },
    {
      "date": "2022-12-01",
      "home": "Canada",
      "away": "Morocco",
      "neutral": true,
      "score": "1-2"
    },
    {
      "date": "2022-12-02",
      "home": "Serbia",
      "away": "Switzerland",
      "neutral": true,
      "score": "2-3"
    },
    {
      "date": "2022-12-02",
      "home": "Cameroon",
      "away": "Brazil",
      "neutral": true,
      "score": "1-0"
    },
    {
      "date": "2022-12-02",
      "home": "Ghana",
      "away": "Uruguay",
      "neutral": true,
      "score": "0-2"
    },
    {
      "date": "2022-12-02",
      "home": "South Korea",
      "away": "Portugal",
      "neutral": true,
      "score": "2-1"
    },
    {
      "date": "2022-12-03",
      "home": "Netherlands",
      "away": "United States",
      "neutral": true,
      "score": "3-1"
    },
    {
      "date": "2022-12-03",
      "home": "Argentina",
      "away": "Australia",
      "neutral": true,
      "score": "2-1"
    },
    {
      "date": "2022-12-04",
      "home": "France",
      "away": "Poland",
      "neutral": true,
      "score": "3-1"
    },
    {
      "date": "2022-12-04",
      "home": "England",
      "away": "Senegal",
      "neutral": true,
      "score": "3-0"
    },
    {
      "date": "2022-12-05",
      "home": "Japan",
      "away": "Croatia",
      "neutral": true,
      "score": "1-1"
    },
    {
      "date": "2022-12-05",
      "home": "Brazil",
      "away": "South Korea",
      "neutral": true,
      "score": "4-1"
    },
    {
      "date": "2022-12-06",
      "home": "Morocco",
      "away": "Spain",
      "neutral": true,
      "score": "0-0"
    },
    {
      "date": "2022-12-06",
      "home": "Portugal",
      "away": "Switzerland",
      "neutral": true,
      "score": "6-1"
    },
    {
      "date": "2022-12-09",
      "home": "Croatia",
      "away": "Brazil",
      "neutral": true,
      "score": "1-1"
    },
    {
      "date": "2022-12-09",
      "home": "Netherlands",
      "away": "Argentina",
      "neutral": true,
      "score": "2-2"
    },
    {
      "date": "2022-12-10",
      "home": "Morocco",
      "away": "Portugal",
      "neutral": true,
      "score": "1-0"
    },
    {
      "date": "2022-12-10",
      "home": "England",
      "away": "France",
      "neutral": true,
      "score": "1-2"
    },
    {
      "date": "2022-12-13",
      "home": "Argentina",
      "away": "Croatia",
      "neutral": true,
      "score": "3-0"
    },
    {
      "date": "2022-12-14",
      "home": "France",
      "away": "Morocco",
      "neutral": true,
      "score": "2-0"
    },
    {
      "date": "2022-12-17",
      "home": "Croatia",
      "away": "Morocco",
      "neutral": true,
      "score": "2-1"
    },
    {
      "date": "2022-12-18",
      "home": "Argentina",
      "away": "France",
      "neutral": true,
      "score": "3-3"
    }
  ]
}