{
  "holdout": "wc2018",
  "label": "World Cup 2018",
  "n_train": 41639,
  "n_matches": 64,
  "fit_secs": 106.8,
  "elo": [
    [
      0.548565971786905,
      0.25107974683221446,
      0.20035428138088052
    ],
    [
      0.19974361352492032,
      0.25074559746754654,
      0.5495107890075331
    ],
    [
      0.3124160908131607,
      0.28635693562081294,
      0.4012269735660264
    ],
    [
      0.3164126713712,
      0.2868064034754859,
      0.3967809251533141
    ],
    [
      0.6262572261152148,
      0.21998103108568026,
      0.1537617427991049
    ],
    [
      0.6559734979888756,
      0.20633589740605435,
      0.13769060460507
    ],
    [
      0.5448893573652716,
      0.2523688627848304,
      0.20274177984989802
    ],
    [
      0.5953644857000162,
      0.23318620513707142,
      0.17144930916291243
    ],
    [
      0.4396683956917893,
      0.2807816961141239,
      0.2795499081940868
    ],
    [
      0.6367430028870473,
      0.21526766132632874,
      0.14798933578662388
    ],
    [
      0.7004431288693111,
      0.18434874455378147,
      0.11520812657690734
    ],
    [
      0.41363025908012885,
      0.2848823846320761,
      0.30148735628779505
    ],
    [
      0.6508262283155823,
      0.2087622527370642,
      0.14041151894735351
    ],
    [
      0.1779409011401346,
      0.23758742250256948,
      0.5844716763572959
    ],
    [
      0.6503496228533908,
      0.20898561612190092,
      0.14066476102470826
    ],
    [
      0.4087589699991503,
      0.28549969348055365,
      0.30574133652029606
    ],
    [
      0.4936299141839431,
      0.2683783670745543,
      0.23799171874150263
    ],
    [
      0.6348544578383388,
      0.21612489779189265,
      0.14902064436976847
    ],
    [
      0.6716750754897144,
      0.1987783997939028,
      0.1295465247163828
    ],
    [
      0.1935594398595457,
      0.2472587157900793,
      0.559181844350375
    ],
    [
      0.4456750302039505,
      0.27965215525297904,
      0.27467281454307046
    ],
    [
      0.4162530145788885,
      0.2845299199082952,
      0.2992170655128163
    ],
    [
      0.5626984551135906,
      0.24596116591872028,
      0.1913403789676891
    ],
    [
      0.7757889038805149,
      0.14333448606047616,
      0.08087661005900891
    ],
    [
      0.29206148364271856,
      0.2833122419403306,
      0.42462627441695083
    ],
    [
      0.2607908393245294,
      0.27597793046295266,
      0.46323123021251794
    ],
    [
      0.652186060434951,
      0.2081237436147025,
      0.13969019595034657
    ],
    [
      0.27257327440776147,
      0.2791405017114213,
      0.44828622388081724
    ],
    [
      0.7309313153873589,
      0.16828581048323593,
      0.10078287412940519
    ],
    [
      0.6529167470325954,
      0.20777990682975023,
      0.13930334613765433
    ],
    [
      0.2990261425192653,
      0.2844995421302865,
      0.4164743153504482
    ],
    [
      0.2630411663425838,
      0.27662077505675664,
      0.46033805860065957
    ],
    [
      0.27545173313829774,
      0.279838066228559,
      0.44471020063314326
    ],
    [
      0.33925782853658126,
      0.2884976886469973,
      0.3722444828164214
    ],
    [
      0.7062341002965812,
      0.18135687978655063,
      0.11240901991686818
    ],
    [
      0.24918162693684243,
      0.2723604160994484,
      0.4784579569637092
    ],
    [
      0.21406219334757925,
      0.25811462858141276,
      0.527823178071008
    ],
    [
      0.23494473551337614,
      0.2672066296172285,
      0.49784863486939535
    ],
    [
      0.12163495309488781,
      0.1909988502736586,
      0.6873661966314536
    ],
    [
      0.30163502162880484,
      0.28490475193419723,
      0.4134602264369979
    ],
    [
      0.1203516169310287,
      0.1896949946865928,
      0.6899533883823785
    ],
    [
      0.4979634987898003,
      0.26717434227393166,
      0.23486215893626808
    ],
    [
      0.08806332427565178,
      0.15273437189116346,
      0.7592023038331848
    ],
    [
      0.48641340951271406,
      0.2703182366920095,
      0.24326835379527648
    ],
    [
      0.2831104268537683,
      0.2815549881579477,
      0.435334584988284
    ],
    [
      0.24836214452463934,
      0.2720855888155218,
      0.47955226665983886
    ],
    [
      0.3916804334538836,
      0.2872692601620071,
      0.3210503063841093
    ],
    [
      0.39244857435630265,
      0.28720319811307005,
      0.3203482275306273
    ],
    [
      0.37125544515532605,
      0.28853680736492093,
      0.340207747479753
    ],
    [
      0.29811774730293583,
      0.2843534342676247,
      0.41752881842943945
    ],
    [
      0.1543042171060458,
      0.22041346933758255,
      0.6252823135563716
    ],
    [
      0.41832295069072223,
      0.2842419250876443,
      0.2974351242216335
    ],
    [
      0.7111113980391217,
      0.17881516651660445,
      0.11007343544427382
    ],
    [
      0.6442564958194323,
      0.21182153069027107,
      0.14392197349029653
    ],
    [
      0.28176577117049095,
      0.28126798934680414,
      0.4369662394827049
    ],
    [
      0.39442106572199953,
      0.2870276213950227,
      0.3185513128829778
    ],
    [
      0.2934323139535282,
      0.2835582096271432,
      0.4230094764193286
    ],
    [
      0.6413070605737087,
      0.21318106888022267,
      0.14551187054606865
    ],
    [
      0.22911788380830223,
      0.2648585202574638,
      0.506023595934234
    ],
    [
      0.3139122880554447,
      0.2865307394767064,
      0.39955697246784894
    ],
    [
      0.4402403974093527,
      0.28067700666907197,
      0.2790825959215753
    ],
    [
      0.29584324446305665,
      0.28397614328272086,
      0.4201806122542225
    ],
    [
      0.3880645063538779,
      0.2875626935173645,
      0.3243728001287576
    ],
    [
      0.542777539399244,
      0.2531012249407977,
      0.20412123565995835
    ]
  ],
  "dc": [
    [
      0.7143728947826207,
      0.187804525219728,
      0.09782257999765134
    ],
    [
      0.20031516040193592,
      0.27608381798478554,
      0.5236010216132784
    ],
    [
      0.3077765796357622,
      0.370337218631326,
      0.3218862017329118
    ],
    [
      0.2308044699068574,
      0.3027803031167826,
      0.46641522697635995
    ],
    [
      0.5961876925054423,
      0.26356934783043484,
      0.14024295966412295
    ],
    [
      0.7245355927776655,
      0.18631444231529753,
      0.08914996490703687
    ],
    [
      0.2744376285243623,
      0.31952629081520345,
      0.40603608066043406
    ],
    [
      0.4832375023964376,
      0.3120006755304396,
      0.20476182207312313
    ],
    [
      0.2376942533549703,
      0.3002379947991783,
      0.46206775184585147
    ],
    [
      0.5025446137101108,
      0.26146227450421555,
      0.23599311178567361
    ],
    [
      0.6532304193845286,
      0.23045815622637056,
      0.11631142438910072
    ],
    [
      0.48497827643616925,
      0.3058837816197071,
      0.20913794194412388
    ],
    [
      0.6299787721182412,
      0.24255609157062227,
      0.12746513631113648
    ],
    [
      0.11944020170943945,
      0.25637556089114005,
      0.6241842373994204
    ],
    [
      0.5091705579817855,
      0.30006487686684274,
      0.19076456515137183
    ],
    [
      0.4451991460757496,
      0.3055798430164398,
      0.24922101090781074
    ],
    [
      0.5707734269076963,
      0.25050885408212176,
      0.1787177190101818
    ],
    [
      0.49649391468280324,
      0.31552631365376727,
      0.18797977166342938
    ],
    [
      0.6661749130246095,
      0.21805590829535046,
      0.11576917868004018
    ],
    [
      0.12024057303326516,
      0.262183718440686,
      0.6175757085260487
    ],
    [
      0.46100380263400453,
      0.3006937999216611,
      0.23830239744433446
    ],
    [
      0.5378319069012802,
      0.2937244338669904,
      0.16844365923172944
    ],
    [
      0.46856865858881136,
      0.30039357858695986,
      0.23103776282422878
    ],
    [
      0.75938428620187,
      0.1725147239178359,
      0.06810098988029396
    ],
    [
      0.4060355042005526,
      0.309854992956993,
      0.2841095028424543
    ],
    [
      0.3516957922550128,
      0.3173282709189494,
      0.3309759368260378
    ],
    [
      0.5384030387567225,
      0.2712989944363415,
      0.19029796680693592
    ],
    [
      0.2178195649822139,
      0.2930525682505609,
      0.4891278667672252
    ],
    [
      0.47931193407549144,
      0.27775981093759966,
      0.24292825498690898
    ],
    [
      0.7017939842611663,
      0.2200486588245901,
      0.0781573569142433
    ],
    [
      0.3737153784680599,
      0.3192470790326387,
      0.30703754249930154
    ],
    [
      0.24158021573969193,
      0.3147227702772376,
      0.44369701398307054
    ],
    [
      0.39205585273890686,
      0.2777641600545244,
      0.3301799872065685
    ],
    [
      0.22862244424281952,
      0.2966908757835304,
      0.47468667997365
    ],
    [
      0.6175526977447172,
      0.26588128136254285,
      0.11656602089274007
    ],
    [
      0.19439403865037325,
      0.3109786199770011,
      0.49462734137262565
    ],
    [
      0.2973215135035572,
      0.3181704766504258,
      0.38450800984601696
    ],
    [
      0.21738355653024705,
      0.3108349854535044,
      0.4717814580162484
    ],
    [
      0.12570976959978758,
      0.24698556846565317,
      0.6273046619345591
    ],
    [
      0.16197382660009063,
      0.2607174935269759,
      0.5773086798729334
    ],
    [
      0.13065103985208004,
      0.2246653960901448,
      0.6446835640577753
    ],
    [
      0.3354562721840646,
      0.31070115423385375,
      0.3538425735820816
    ],
    [
      0.12132644043243486,
      0.22956170730736644,
      0.6491118522601987
    ],
    [
      0.4460757606941452,
      0.30842769625892424,
      0.2454965430469307
    ],
    [
      0.284540468188511,
      0.2935923792788131,
      0.42186715253267615
    ],
    [
      0.16702010621636054,
      0.3086786694522313,
      0.5243012243314082
    ],
    [
      0.24732907535637844,
      0.33189925318363367,
      0.42077167145998806
    ],
    [
      0.46544513980755076,
      0.2964961702427156,
      0.23805868994973364
    ],
    [
      0.32158049686449963,
      0.3216987403708158,
      0.35672076276468456
    ],
    [
      0.314979838781524,
      0.30340964376604257,
      0.38161051745243346
    ],
    [
      0.23003825682389717,
      0.2734127360693101,
      0.49654900710679273
    ],
    [
      0.36966435022814187,
      0.32375651602900135,
      0.3065791337428569
    ],
    [
      0.6242692853665206,
      0.23636779661762677,
      0.13936291801585288
    ],
    [
      0.49170872860232634,
      0.27448171096076984,
      0.2338095604369037
    ],
    [
      0.3888376051496695,
      0.32138823009535444,
      0.289774164754976
    ],
    [
      0.26935319440028826,
      0.3484096965763371,
      0.38223710902337465
    ],
    [
      0.2530373151731865,
      0.30645834863281957,
      0.440504336193994
    ],
    [
      0.6260588934038089,
      0.23104958622680383,
      0.1428915203693873
    ],
    [
      0.23550718910816015,
      0.32099048156997906,
      0.4435023293218607
    ],
    [
      0.390038746794826,
      0.2950698533413032,
      0.31489139986387077
    ],
    [
      0.4772942768154539,
      0.29331898984046895,
      0.22938673334407716
    ],
    [
      0.2502281628655447,
      0.32790611811966014,
      0.42186571901479497
    ],
    [
      0.23805868994973364,
      0.2964961702427156,
      0.46544513980755076
    ],
    [
      0.432776906179567,
      0.325264384428512,
      0.24195870939192105
    ]
  ],
  "y": [
    0,
    2,
    2,
    1,
    0,
    1,
    2,
    0,
    2,
    2,
    1,
    0,
    0,
    2,
    2,
    2,
    0,
    0,
    0,
    2,
    1,
    0,
    2,
    0,
    0,
    2,
    0,
    2,
    0,
    0,
    1,
    2,
    2,
    0,
    1,
    1,
    2,
    1,
    2,
    2,
    0,
    2,
    2,
    1,
    2,
    2,
    2,
    2,
    0,
    0,
    1,
    1,
    0,
    0,
    0,
    1,
    2,
    2,
    2,
    1,
    0,
    0,
    0,
    0
  ],
  "matches": [
    {
      "date": "2018-06-14",
      "home": "Russia",
      "away": "Saudi Arabia",
      "neutral": false,
      "score": "5-0"
    },
    {
      "date": "2018-06-15",
      "home": "Egypt",
      "away": "Uruguay",
      "neutral": true,
      "score": "0-1"
    },
    {
      "date": "2018-06-15",
      "home": "Morocco",
      "away": "Iran",
      "neutral": true,
      "score": "0-1"
    },
    {
      "date": "2018-06-15",
      "home": "Portugal",
      "away": "Spain",
      "neutral": true,
      "score": "3-3"
    },
    {
      "date": "2018-06-16",
      "home": "France",
      "away": "Australia",
      "neutral": true,
      "score": "2-1"
    },
    {
      "date": "2018-06-16",
      "home": "Argentina",
      "away": "Iceland",
      "neutral": true,
      "score": "1-1"
    },
    {
      "date": "2018-06-16",
      "home": "Peru",
      "away": "Denmark",
      "neutral": true,
      "score": "0-1"
    },
    {
      "date": "2018-06-16",
      "home": "Croatia",
      "away": "Nigeria",
      "neutral": true,
      "score": "2-0"
    },
    {
      "date": "2018-06-17",
      "home": "Costa Rica",
      "away": "Serbia",
      "neutral": true,
      "score": "0-1"
    },
    {
      "date": "2018-06-17",
      "home": "Germany",
      "away": "Mexico",
      "neutral": true,
      "score": "0-1"
    },
    {
      "date": "2018-06-17",
      "home": "Brazil",
      "away": "Switzerland",
      "neutral": true,
      "score": "1-1"
    },
    {
      "date": "2018-06-18",
      "home": "Sweden",
      "away": "South Korea",
      "neutral": true,
      "score": "1-0"
    },
    {
      "date": "2018-06-18",
      "home": "Belgium",
      "away": "Panama",
      "neutral": true,
      "score": "3-0"
    },
    {
      "date": "2018-06-18",
      "home": "Tunisia",
      "away": "England",
      "neutral": true,
      "score": "1-2"
    },
    {
      "date": "2018-06-19",
      "home": "Colombia",
      "away": "Japan",
      "neutral": true,
      "score": "1-2"
    },
    {
      "date": "2018-06-19",
      "home": "Poland",
      "away": "Senegal",
      "neutral": true,
      "score": "1-2"
    },
    {
      "date": "2018-06-19",
      "home": "Russia",
      "away": "Egypt",
      "neutral": false,
      "score": "3-1"
    },
    {
      "date": "2018-06-20",
      "home": "Portugal",
      "away": "Morocco",
      "neutral": true,
      "score": "1-0"
    },
    {
      "date": "2018-06-20",
      "home": "Uruguay",
      "away": "Saudi Arabia",
      "neutral": true,
      "score": "1-0"
    },
    {
      "date": "2018-06-20",
      "home": "Iran",
      "away": "Spain",
      "neutral": true,
      "score": "0-1"
    },
    {
      "date": "2018-06-21",
      "home": "Denmark",
      "away": "Australia",
      "neutral": true,
      "score": "1-1"
    },
    {
      "date": "2018-06-21",
      "home": "France",
      "away": "Peru",
      "neutral": true,
      "score": "1-0"
    },
    {
      "date": "2018-06-21",
      "home": "Argentina",
      "away": "Croatia",
      "neutral": true,
      "score": "0-3"
    },
    {
      "date": "2018-06-22",
      "home": "Brazil",
      "away": "Costa Rica",
      "neutral": true,
      "score": "2-0"
    },
    {
      "date": "2018-06-22",
      "home": "Nigeria",
      "away": "Iceland",
      "neutral": true,
      "score": "2-0"
    },
    {
      "date": "2018-06-22",
      "home": "Serbia",
      "away": "Switzerland",
      "neutral": true,
      "score": "1-2"
    },
    {
      "date": "2018-06-23",
      "home": "Belgium",
      "away": "Tunisia",
      "neutral": true,
      "score": "5-2"
    },
    {
      "date": "2018-06-23",
      "home": "South Korea",
      "away": "Mexico",
      "neutral": true,
      "score": "1-2"
    },
    {
      "date": "2018-06-23",
      "home": "Germany",
      "away": "Sweden",
      "neutral": true,
      "score": "2-1"
    },
    {
      "date": "2018-06-24",
      "home": "England",
      "away": "Panama",
      "neutral": true,
      "score": "6-1"
    },
    {
      "date": "2018-06-24",
      "home": "Japan",
      "away": "Senegal",
      "neutral": true,
      "score": "2-2"
    },
    {
      "date": "2018-06-24",
      "home": "Poland",
      "away": "Colombia",
      "neutral": true,
      "score": "0-3"
    },
    {
      "date": "2018-06-25",
      "home": "Russia",
      "away": "Uruguay",
      "neutral": false,
      "score": "0-3"
    },
    {
      "date": "2018-06-25",
      "home": "Saudi Arabia",
      "away": "Egypt",
      "neutral": true,
      "score": "2-1"
    },
    {
      "date": "2018-06-25",
      "home": "Spain",
      "away": "Morocco",
      "neutral": true,
      "score": "2-2"
    },
    {
      "date": "2018-06-25",
      "home": "Iran",
      "away": "Portugal",
      "neutral": true,
      "score": "1-1"
    },
    {
      "date": "2018-06-26",
      "home": "Australia",
      "away": "Peru",
      "neutral": true,
      "score": "0-2"
    },
    {
      "date": "2018-06-26",
      "home": "Denmark",
      "away": "France",
      "neutral": true,
      "score": "0-0"
    },
    {
      "date": "2018-06-26",
      "home": "Nigeria",
      "away": "Argentina",
      "neutral": true,
      "score": "1-2"
    },
    {
      "date": "2018-06-26",
      "home": "Iceland",
      "away": "Croatia",
      "neutral": true,
      "score": "1-2"
    },
    {
      "date": "2018-06-27",
      "home": "South Korea",
      "away": "Germany",
      "neutral": true,
      "score": "2-0"
    },
    {
      "date": "2018-06-27",
      "home": "Mexico",
      "away": "Sweden",
      "neutral": true,
      "score": "0-3"
    },
    {
      "date": "2018-06-27",
      "home": "Serbia",
      "away": "Brazil",
      "neutral": true,
      "score": "0-2"
    },
    {
      "date": "2018-06-27",
      "home": "Switzerland",
      "away": "Costa Rica",
      "neutral": true,
      "score": "2-2"
    },
    {
      "date": "2018-06-28",
      "home": "Japan",
      "away": "Poland",
      "neutral": true,
      "score": "0-1"
    },
    {
      "date": "2018-06-28",
      "home": "Senegal",
      "away": "Colombia",
      "neutral": true,
      "score": "0-1"
    },
    {
      "date": "2018-06-28",
      "home": "Panama",
      "away": "Tunisia",
      "neutral": true,
      "score": "1-2"
    },
    {
      "date": "2018-06-28",
      "home": "England",
      "away": "Belgium",
      "neutral": true,
      "score": "0-1"
    },
    {
      "date": "2018-06-30",
      "home": "France",
      "away": "Argentina",
      "neutral": true,
      "score": "4-3"
    },
    {
      "date": "2018-06-30",
      "home": "Uruguay",
      "away": "Portugal",
      "neutral": true,
      "score": "2-1"
    },
    {
      "date": "2018-07-01",
      "home": "Russia",
      "away": "Spain",
      "neutral": false,
      "score": "1-1"
    },
    {
      "date": "2018-07-01",
      "home": "Croatia",
      "away": "Denmark",
      "neutral": true,
      "score": "1-1"
    },
    {
      "date": "2018-07-02",
      "home": "Brazil",
      "away": "Mexico",
      "neutral": true,
      "score": "2-0"
    },
    {
      "date": "2018-07-02",
      "home": "Belgium",
      "away": "Japan",
      "neutral": true,
      "score": "3-2"
    },
    {
      "date": "2018-07-03",
      "home": "Sweden",
      "away": "Switzerland",
      "neutral": true,
      "score": "1-0"
    },
    {
      "date": "2018-07-03",
      "home": "Colombia",
      "away": "England",
      "neutral": true,
      "score": "1-1"
    },
    {
      "date": "2018-07-06",
      "home": "Uruguay",
      "away": "France",
      "neutral": true,
      "score": "0-2"
    },
    {
      "date": "2018-07-06",
      "home": "Brazil",
      "away": "Belgium",
      "neutral": true,
      "score": "1-2"
    },
    {
      "date": "2018-07-07",
      "home": "Sweden",
      "away": "England",
      "neutral": true,
      "score": "0-2"
    },
    {
      "date": "2018-07-07",
      "home": "Russia",
      "away": "Croatia",
      "neutral": false,
      "score": "2-2"
    },
    {
      "date": "2018-07-10",
      "home": "France",
      "away": "Belgium",
      "neutral": true,
      "score": "1-0"
    },
    {
      "date": "2018-07-11",
      "home": "Croatia",
      "away": "England",
      "neutral": true,
      "score": "2-1"
    },
    {
      "date": "2018-07-14",
      "home": "Belgium",
      "away": "England",
      "neutral": true,
      "score": "2-0"
    },
    {
      "date": "2018-07-15",
      "home": "France",
      "away": "Croatia",
      "neutral": true,
      "score": "4-2"
    }
  ]
}