{
  "holdout": "euro2024",
  "label": "Euro 2024",
  "n_train": 47371,
  "n_matches": 51,
  "fit_secs": 125.9,
  "elo": [
    [
      0.7166851219507866,
      0.17712571000599875,
      0.1061891680432147
    ],
    [
      0.3909406180444521,
      0.29015997454874765,
      0.31889940740680023
    ],
    [
      0.44786769353935574,
      0.28179354895527775,
      0.2703387575053665
    ],
    [
      0.7633230616055999,
      0.1514360593944316,
      0.0852408789999684
    ],
    [
      0.2755799411083911,
      0.2830739487980236,
      0.44134611009358526
    ],
    [
      0.1937719914061825,
      0.2505869020736671,
      0.5556411065201504
    ],
    [
      0.1533373348271585,
      0.22268461763508507,
      0.6239780475377564
    ],
    [
      0.16681148397337497,
      0.23301186610878521,
      0.6001766499178398
    ],
    [
      0.18987842262106736,
      0.24828822714214782,
      0.5618333502367848
    ],
    [
      0.7537992321269253,
      0.15681624023519253,
      0.08938452763788213
    ],
    [
      0.4996575204086624,
      0.2690138988524783,
      0.23132858073885929
    ],
    [
      0.6600881966963417,
      0.20589283515837128,
      0.134018968145287
    ],
    [
      0.6567406206781077,
      0.20750351829154864,
      0.13575586103034362
    ],
    [
      0.3268130070644508,
      0.29083082315253034,
      0.38235616978301884
    ],
    [
      0.7705617211850281,
      0.14730282659999128,
      0.08213545221498063
    ],
    [
      0.4579025461293532,
      0.27967294278853383,
      0.26242451108211295
    ],
    [
      0.29140420910361464,
      0.2863645212982628,
      0.42223126959812257
    ],
    [
      0.20623605987847138,
      0.25743549670325594,
      0.5363284434182727
    ],
    [
      0.2672170818746583,
      0.28098432310688987,
      0.4517985950184518
    ],
    [
      0.2873024433155318,
      0.28559259124665015,
      0.42710496543781806
    ],
    [
      0.21487700704160795,
      0.2617450025713475,
      0.5233779903870446
    ],
    [
      0.7814274806670177,
      0.14102885695973677,
      0.0775436623732455
    ],
    [
      0.2596725345097989,
      0.27888156461762376,
      0.46144590087257736
    ],
    [
      0.15281015822395205,
      0.22225817894654254,
      0.6249316628295054
    ],
    [
      0.6620723356750786,
      0.2049331408621,
      0.1329945234628214
    ],
    [
      0.3216116485776087,
      0.2904102653335925,
      0.3879780860887988
    ],
    [
      0.08290644563666116,
      0.14833718140613683,
      0.768756372957202
    ],
    [
      0.3949385497877471,
      0.28979131207302317,
      0.3152701381392297
    ],
    [
      0.7136049817398648,
      0.17876218320926018,
      0.10763283505087505
    ],
    [
      0.403914588192437,
      0.2888367795858766,
      0.3072486322216864
    ],
    [
      0.5579320657531202,
      0.24974214625174715,
      0.19232578799513275
    ],
    [
      0.7713382058473836,
      0.1468572352174128,
      0.08180455893520366
    ],
    [
      0.4226084560515535,
      0.2863064546822727,
      0.29108508926617377
    ],
    [
      0.2271446317906537,
      0.26727795426824785,
      0.5055774139410985
    ],
    [
      0.10170164281194694,
      0.1719319907470801,
      0.726366366440973
    ],
    [
      0.41283457051920913,
      0.2877188822873193,
      0.2994465471934716
    ],
    [
      0.2309973435703634,
      0.2688791997378782,
      0.5001234566917584
    ],
    [
      0.6371506862664296,
      0.21671065591325236,
      0.14613865782031812
    ],
    [
      0.7547186896817759,
      0.15629972852755136,
      0.08898158179067278
    ],
    [
      0.7860816925403891,
      0.13831637242925704,
      0.0756019350303539
    ],
    [
      0.4872910304516114,
      0.27246593703004607,
      0.24024303251834256
    ],
    [
      0.71083836571574,
      0.18022543394922821,
      0.10893620033503185
    ],
    [
      0.10128414075427283,
      0.17144046615059616,
      0.727275393095131
    ],
    [
      0.5155009568994532,
      0.2642504168609727,
      0.2202486262395741
    ],
    [
      0.4106313932580231,
      0.28801039940513234,
      0.30135820733684454
    ],
    [
      0.29071966517855197,
      0.28623955217821,
      0.423040782643238
    ],
    [
      0.627869686129422,
      0.22093837368173852,
      0.15119194018883958
    ],
    [
      0.6817655852313582,
      0.19520953397909901,
      0.12302488078954278
    ],
    [
      0.3026557590632766,
      0.2882017152075796,
      0.40914252572914384
    ],
    [
      0.378192124679558,
      0.29109565431645396,
      0.33071222100398806
    ],
    [
      0.3957057708500006,
      0.28971654309183154,
      0.3145776860581679
    ]
  ],
  "dc": [
    [
      0.7328055984372512,
      0.16757988759841086,
      0.09961451396433786
    ],
    [
      0.24512689023008066,
      0.2941708074922963,
      0.460702302277623
    ],
    [
      0.5191308746824039,
      0.27935150777193446,
      0.2015176175456616
    ],
    [
      0.6261780341892433,
      0.26469223083441934,
      0.10912973497633721
    ],
    [
      0.1943826930733101,
      0.3066977836097329,
      0.498919523316957
    ],
    [
      0.18467199500480613,
      0.2731294517906145,
      0.5421985532045793
    ],
    [
      0.1985300551192192,
      0.2626971271970213,
      0.5387728176837594
    ],
    [
      0.1558915913219221,
      0.252168235747346,
      0.591940172930732
    ],
    [
      0.30389034997419295,
      0.3263557089563381,
      0.36975394106946924
    ],
    [
      0.5630039147888282,
      0.2590998109071913,
      0.17789627430398053
    ],
    [
      0.5191611159442572,
      0.27359435569320567,
      0.20724452836253704
    ],
    [
      0.5241232197385441,
      0.2712754015285197,
      0.20460137873293585
    ],
    [
      0.7448306896209955,
      0.15885425532039707,
      0.09631505505860742
    ],
    [
      0.24551326231400805,
      0.30290257625740147,
      0.45158416142859037
    ],
    [
      0.5989332126069347,
      0.267528701117374,
      0.13353808627569133
    ],
    [
      0.4477916800865255,
      0.3124748268566368,
      0.23973349305683778
    ],
    [
      0.23531837085730162,
      0.30281337341910963,
      0.4618682557235889
    ],
    [
      0.22197142754717372,
      0.3079196770989654,
      0.4701088953538609
    ],
    [
      0.38322995212661687,
      0.29387094243456036,
      0.3228991054388226
    ],
    [
      0.3181025613407179,
      0.30183398241283527,
      0.3800634562464468
    ],
    [
      0.2699640898994922,
      0.3177702419068189,
      0.4122656681936888
    ],
    [
      0.5143961595769478,
      0.27717035887190133,
      0.208433481551151
    ],
    [
      0.17367640307932547,
      0.26219033818891185,
      0.5641332587317627
    ],
    [
      0.17068915562079437,
      0.2502619915013682,
      0.5790488528778373
    ],
    [
      0.6222464569770183,
      0.20755105074117317,
      0.1702024922818085
    ],
    [
      0.3431034047756013,
      0.31800259011085075,
      0.33889400511354784
    ],
    [
      0.062178746324027846,
      0.18245172111841815,
      0.7553695325575541
    ],
    [
      0.28997418323628216,
      0.32374550402525754,
      0.3862803127384603
    ],
    [
      0.6309920878435973,
      0.25422057606187987,
      0.1147873360945228
    ],
    [
      0.4000223297040155,
      0.303089025802107,
      0.2968886444938774
    ],
    [
      0.575409986955318,
      0.24843100133730667,
      0.17615901170737525
    ],
    [
      0.5563965682324961,
      0.26769270744751394,
      0.17591072431999
    ],
    [
      0.30024983972989605,
      0.32383282737887314,
      0.37591733289123086
    ],
    [
      0.23753488889754293,
      0.28553398849705963,
      0.4769311226053974
    ],
    [
      0.08385735740949515,
      0.19092575860878247,
      0.7252168839817223
    ],
    [
      0.4029635845238777,
      0.28830949918191445,
      0.3087269162942079
    ],
    [
      0.24497074531018803,
      0.3126817899008336,
      0.44234746478897846
    ],
    [
      0.5611864564687041,
      0.2321654363565004,
      0.20664810717479537
    ],
    [
      0.6152218964644185,
      0.25468862014781685,
      0.13008948338776466
    ],
    [
      0.7896674044604719,
      0.15402818665388948,
      0.056304408885638535
    ],
    [
      0.42627197719333887,
      0.29199151477157836,
      0.2817365080350829
    ],
    [
      0.6152253607899736,
      0.25416415502545053,
      0.13061048418457585
    ],
    [
      0.17848056677072746,
      0.26902281866538225,
      0.5524966145638904
    ],
    [
      0.35822805274554387,
      0.28896986956752435,
      0.3528020776869317
    ],
    [
      0.3505116331880524,
      0.25329108216921215,
      0.3961972846427355
    ],
    [
      0.32023416868459254,
      0.3096856014011571,
      0.37008022991425044
    ],
    [
      0.5232761109498869,
      0.2848664385601828,
      0.19185745048993008
    ],
    [
      0.5812895769888505,
      0.2446493002753723,
      0.1740611227357772
    ],
    [
      0.3930665535577126,
      0.30972155373085264,
      0.2972118927114348
    ],
    [
      0.3088230757927347,
      0.3064774270038406,
      0.38469949720342456
    ],
    [
      0.38196567500817336,
      0.31582586082246794,
      0.30220846416935865
    ]
  ],
  "y": [
    0,
    2,
    0,
    0,
    1,
    2,
    2,
    2,
    0,
    2,
    0,
    0,
    0,
    1,
    1,
    0,
    1,
    1,
    2,
    1,
    2,
    0,
    1,
    2,
    1,
    2,
    2,
    1,
    1,
    1,
    2,
    1,
    1,
    1,
    0,
    2,
    0,
    0,
    0,
    0,
    0,
    1,
    2,
    2,
    2,
    1,
    1,
    0,
    0,
    2,
    0
  ],
  "matches": [
    {
      "date": "2024-06-14",
      "home": "Germany",
      "away": "Scotland",
      "neutral": false,
      "score": "5-1"
    },
    {
      "date": "2024-06-15",
      "home": "Hungary",
      "away": "Switzerland",
      "neutral": true,
      "score": "1-3"
    },
    {
      "date": "2024-06-15",
      "home": "Spain",
      "away": "Croatia",
      "neutral": true,
      "score": "3-0"
    },
    {
      "date": "2024-06-15",
      "home": "Italy",
      "away": "Albania",
      "neutral": true,
      "score": "2-1"
    },
    {
      "date": "2024-06-16",
      "home": "Slovenia",
      "away": "Denmark",
      "neutral": true,
      "score": "1-1"
    },
    {
      "date": "2024-06-16",
      "home": "Serbia",
      "away": "England",
      "neutral": true,
      "score": "0-1"
    },
    {
      "date": "2024-06-16",
      "home": "Poland",
      "away": "Netherlands",
      "neutral": true,
      "score": "1-2"
    },
    {
      "date": "2024-06-17",
      "home": "Austria",
      "away": "France",
      "neutral": true,
      "score": "0-1"
    },
    {
      "date": "2024-06-17",
      "home": "Romania",
      "away": "Ukraine",
      "neutral": true,
      "score": "3-0"
    },
    {
      "date": "2024-06-17",
      "home": "Belgium",
      "away": "Slovakia",
      "neutral": true,
      "score": "0-1"
    },
    {
      "date": "2024-06-18",
      "home": "Turkey",
      "away": "Georgia",
      "neutral": true,
      "score": "3-1"
    },
    {
      "date": "2024-06-18",
      "home": "Portugal",
      "away": "Czech Republic",
      "neutral": true,
      "score": "2-1"
    },
    {
      "date": "2024-06-19",
      "home": "Germany",
      "away": "Hungary",
      "neutral": false,
      "score": "2-0"
    },
    {
      "date": "2024-06-19",
      "home": "Scotland",
      "away": "Switzerland",
      "neutral": true,
      "score": "1-1"
    },
    {
      "date": "2024-06-19",
      "home": "Croatia",
      "away": "Albania",
      "neutral": true,
      "score": "2-2"
    },
    {
      "date": "2024-06-20",
      "home": "Spain",
      "away": "Italy",
      "neutral": true,
      "score": "1-0"
    },
    {
      "date": "2024-06-20",
      "home": "Slovenia",
      "away": "Serbia",
      "neutral": true,
      "score": "1-1"
    },
    {
      "date": "2024-06-20",
      "home": "Denmark",
      "away": "England",
      "neutral": true,
      "score": "1-1"
    },
    {
      "date": "2024-06-21",
      "home": "Poland",
      "away": "Austria",
      "neutral": true,
      "score": "1-3"
    },
    {
      "date": "2024-06-21",
      "home": "Netherlands",
      "away": "France",
      "neutral": true,
      "score": "0-0"
    },
    {
      "date": "2024-06-21",
      "home": "Slovakia",
      "away": "Ukraine",
      "neutral": true,
      "score": "1-2"
    },
    {
      "date": "2024-06-22",
      "home": "Belgium",
      "away": "Romania",
      "neutral": true,
      "score": "2-0"
    },
    {
      "date": "2024-06-22",
      "home": "Georgia",
      "away": "Czech Republic",
      "neutral": true,
      "score": "1-1"
    },
    {
      "date": "2024-06-22",
      "home": "Turkey",
      "away": "Portugal",
      "neutral": true,
      "score": "0-3"
    },
    {
      "date": "2024-06-23",
      "home": "Germany",
      "away": "Switzerland",
      "neutral": false,
      "score": "1-1"
    },
    {
      "date": "2024-06-23",
      "home": "Scotland",
      "away": "Hungary",
      "neutral": true,
      "score": "0-1"
    },
    {
      "date": "2024-06-24",
      "home": "Albania",
      "away": "Spain",
      "neutral": true,
      "score": "0-1"
    },
    {
      "date": "2024-06-24",
      "home": "Croatia",
      "away": "Italy",
      "neutral": true,
      "score": "1-1"
    },
    {
      "date": "2024-06-25",
      "home": "England",
      "away": "Slovenia",
      "neutral": true,
      "score": "0-0"
    },
    {
      "date": "2024-06-25",
      "home": "Denmark",
      "away": "Serbia",
      "neutral": true,
      "score": "0-0"
    },
    {
      "date": "2024-06-25",
      "home": "Netherlands",
      "away": "Austria",
      "neutral": true,
      "score": "2-3"
    },
    {
      "date": "2024-06-25",
      "home": "France",
      "away": "Poland",
      "neutral": true,
      "score": "1-1"
    },
    {
      "date": "2024-06-26",
      "home": "Slovakia",
      "away": "Romania",
      "neutral": true,
      "score": "1-1"
    },
    {
      "date": "2024-06-26",
      "home": "Ukraine",
      "away": "Belgium",
      "neutral": true,
      "score": "0-0"
    },
    {
      "date": "2024-06-26",
      "home": "Georgia",
      "away": "Portugal",
      "neutral": true,
      "score": "2-0"
    },
    {
      "date": "2024-06-26",
      "home": "Czech Republic",
      "away": "Turkey",
      "neutral": true,
      "score": "1-2"
    },
    {
      "date": "2024-06-29",
      "home": "Switzerland",
      "away": "Italy",
      "neutral": true,
      "score": "2-0"
    },
    {
      "date": "2024-06-29",
      "home": "Germany",
      "away": "Denmark",
      "neutral": false,
      "score": "2-0"
    },
    {
      "date": "2024-06-30",
      "home": "England",
      "away": "Slovakia",
      "neutral": true,
      "score": "2-1"
    },
    {
      "date": "2024-06-30",
      "home": "Spain",
      "away": "Georgia",
      "neutral": true,
      "score": "4-1"
    },
    {
      "date": "2024-07-01",
      "home": "France",
      "away": "Belgium",
      "neutral": true,
      "score": "1-0"
    },
    {
      "date": "2024-07-01",
      "home": "Portugal",
      "away": "Slovenia",
      "neutral": true,
      "score": "0-0"
    },
    {
      "date": "2024-07-02",
      "home": "Romania",
      "away": "Netherlands",
      "neutral": true,
      "score": "0-3"
    },
    {
      "date": "2024-07-02",
      "home": "Austria",
      "away": "Turkey",
      "neutral": true,
      "score": "1-2"
    },
    {
      "date": "2024-07-05",
      "home": "Germany",
      "away": "Spain",
      "neutral": false,
      "score": "1-2"
    },
    {
      "date": "2024-07-05",
      "home": "Portugal",
      "away": "France",
      "neutral": true,
      "score": "0-0"
    },
    {
      "date": "2024-07-06",
      "home": "England",
      "away": "Switzerland",
      "neutral": true,
      "score": "1-1"
    },
    {
      "date": "2024-07-06",
      "home": "Netherlands",
      "away": "Turkey",
      "neutral": true,
      "score": "2-1"
    },
    {
      "date": "2024-07-09",
      "home": "Spain",
      "away": "France",
      "neutral": true,
      "score": "2-1"
    },
    {
      "date": "2024-07-10",
      "home": "Netherlands",
      "away": "England",
      "neutral": true,
      "score": "1-2"
    },
    {
      "date": "2024-07-14",
      "home": "Spain",
      "away": "England",
      "neutral": true,
      "score": "2-1"
    }
  ]
}